0.000000000000000 0.000000000000000
0.0333333333000000 0.0166643519423570
0.0666666666000000 0.0333148182105748
0.0999999999000000 0.0499375259864294
0.133333333200000 0.0665186281510296
0.166666666500000 0.0830443161032518
0.199999999800000 0.0995008325407318
0.233333333100000 0.115874484190991
0.266666666400000 0.132151654480323
0.299999999700000 0.148318816128135
0.333333333000000 0.164362543654495
0.366666666300000 0.180269525788756
0.399999999600000 0.196026577767186
0.433333332900000 0.211620653507677
0.466666666200000 0.227038857649711
0.499999999500000 0.242268457447907
0.533333332800000 0.257296894507606
0.566666666100000 0.272111796351114
0.599999999400000 0.286700987803414
0.633333332700000 0.301052502186291
0.666666666000000 0.315154592310054
0.699999999300000 0.328995741252214
0.733333332600000 0.342564672912692
0.766666665900000 0.355850362335364
0.799999999200000 0.368842045785982
0.833333332500000 0.381529230576731
0.866666665800000 0.393901704627977
0.899999999100000 0.405949545757984
0.933333332400000 0.417663130691664
0.966666665700000 0.429033143779718
0.999999999000000 0.440050585419786
1.03333333230000 0.450706780171555
1.06666666560000 0.460993384558040
1.09999999890000 0.470902394545611
1.13333333220000 0.480426152695617
1.16666666550000 0.489557354980819
1.19999999880000 0.498289057260145
1.23333333210000 0.506614681405665
1.26666666540000 0.514528021075973
1.29999999870000 0.522023247130572
1.33333333200000 0.529094912680172
1.36666666530000 0.535737957768207
1.39999999860000 0.541947713679205
1.43333333190000 0.547719906870065
1.46666666520000 0.553050662520623
1.49999999850000 0.557936507700295
1.53333333180000 0.562374374147965
1.56666666510000 0.566361600662660
1.59999999840000 0.569895935102933
1.63333333170000 0.572975535993306
1.66666666500000 0.575598973736447
1.69999999830000 0.577765231430214
1.73333333160000 0.579473705289040
1.76666666490000 0.580724204669553
1.79999999820000 0.581516951700707
1.83333333150000 0.581852580519095
1.86666666480000 0.581732136110501
1.89999999810000 0.581157072759136
1.93333333140000 0.580129252106402
1.96666666470000 0.578650940821406
1.99999999800000 0.576724807885817
2.03333333130000 0.574353921496067
2.06666666460000 0.571541745586252
2.09999999790000 0.568292135975456
2.13333333120000 0.564609336143636
2.16666666450000 0.560497972640498
2.19999999780000 0.555963050132230
2.23333333110000 0.551009946091256
2.26666666440000 0.545644405134558
2.29999999770000 0.539872533016445
2.33333333100000 0.533700790281986
2.36666666430000 0.527135985587662
2.39999999760000 0.520185268696098
2.43333333090000 0.512856123152098
2.46666666420000 0.505156358647448
2.49999999750000 0.497094103082328
2.53333333080000 0.488677794331404
2.56666666410000 0.479916171723015
2.59999999740000 0.470818267240090
2.63333333070000 0.461393396451755
2.66666666400000 0.451651149184802
2.69999999730000 0.441601379944468
2.73333333060000 0.431254198094218
2.76666666390000 0.420619957804426
2.79999999720000 0.409709247780099
2.83333333050000 0.398532880777990
2.86666666380000 0.387101882923630
2.89999999710000 0.375427482839027
2.93333333040000 0.363521100591921
2.96666666370000 0.351394336477696
2.99999999700000 0.339058959645151
3.03333333030000 0.326526896577534
3.06666666360000 0.313810219440320
3.09999999690000 0.300921134307378
3.13333333020000 0.287871969277262
3.16666666350000 0.274675162491449
3.19999999680000 0.261343250066450
3.23333333010000 0.247888853951796
3.26666666340000 0.234324669725921
3.29999999670000 0.220663454342082
3.33333333000000 0.206918013836417
3.36666666330000 0.193101191010326
3.39999999660000 0.179225853099338
3.43333332990000 0.165304879440638
3.46666666320000 0.151351149151412
3.49999999650000 0.137377528830152
3.53333332980000 0.123396860293003
3.56666666310000 0.109421948357221
3.59999999640000 0.0954655486837104
3.63333332970000 0.0815403556905649
3.66666666300000 0.0676589905494336
3.69999999630000 0.0538339892764478
3.73333332960000 0.0400777909293266
3.76666666290000 0.0264027259221644
3.79999999620000 0.0128210044692672
3.83333332950000 -0.000655294830734831
3.86666666280000 -0.0140142362594274
3.89999999610000 -0.0272440380809023
3.93333332940000 -0.0403330834710653
3.96666666270000 -0.0532699312634214
3.99999999600000 -0.0660433265009931
4.03333332930000 -0.0786422107842364
4.06666666260000 -0.0910557324050323
4.09999999590000 -0.103273256257066
4.13333332920000 -0.115284373513138
4.16666666250000 -0.127078911060198
4.19999999580000 -0.138646940683153
4.23333332910000 -0.149978787988761
4.26666666240000 -0.161065041061185
4.29999999570000 -0.171896558841089
4.33333332900000 -0.182464479220417
4.36666666230000 -0.192760226845314
4.39999999560000 -0.202775520619932
4.43333332890000 -0.212502380904202
4.46666666220000 -0.221933136398938
4.49999999550000 -0.231060430711990
4.53333332880000 -0.239877228599471
4.56666666210000 -0.248376821876445
4.59999999540000 -0.256552834991763
4.63333332870000 -0.264399230262129
4.66666666200000 -0.271910312760780
4.69999999530000 -0.279080734856561
4.73333332860000 -0.285905500399497
4.76666666190000 -0.292379968549350
4.79999999520000 -0.298499857244016
4.83333332850000 -0.304261246304948
4.86666666180000 -0.309660580177221
4.89999999510000 -0.314694670302167
4.93333332840000 -0.319360697120924
4.96666666170000 -0.323656211707587
4.99999999500000 -0.327579137031060
5.03333332830000 -0.331127768845042
5.06666666160000 -0.334300776205982
5.09999999490000 -0.337097201619222
5.13333332820000 -0.339516460813889
5.16666666150000 -0.341558342147506
5.19999999480000 -0.343223005641635
5.23333332810000 -0.344510981650260
5.26666666140000 -0.345423169162974
5.29999999470000 -0.345960833745391
5.33333332800000 -0.346125605119590
5.36666666130000 -0.345919474387738
5.39999999460000 -0.345344790902397
5.43333332790000 -0.344404258787380
5.46666666120000 -0.343100933113372
5.49999999450000 -0.341438215732840
5.53333332780000 -0.339419850779153
5.56666666110000 -0.337049919835100
5.59999999440000 -0.334332836776377
5.63333332770000 -0.331273342295886
5.66666666100000 -0.327876498115039
5.69999999430000 -0.324147680888548
5.73333332760000 -0.320092575809483
5.76666666090000 -0.315717169921678
5.79999999420000 -0.311027745146845
5.83333332750000 -0.306030871034040
5.86666666080000 -0.300733397239374
5.89999999410000 -0.295142445744155
5.93333332740000 -0.289265402819865
5.96666666070000 -0.283109910748636
5.99999999400000 -0.276683859308121
6.03333332730000 -0.269995377029881
6.06666666060000 -0.263052822240607
6.09999999390000 -0.255864773895726
6.13333332720000 -0.248440022215115
6.16666666050000 -0.240787559130834
6.19999999380000 -0.232916568556972
6.23333332710000 -0.224836416491850
6.26666666040000 -0.216556640962981
6.29999999370000 -0.208086941825345
6.33333332700000 -0.199437170423628
6.36666666030000 -0.190617319129242
6.39999999360000 -0.181637510763009
6.43333332690000 -0.172507987914515
6.46666666020000 -0.163239102169214
6.49999999350000 -0.153841303254428
6.53333332680000 -0.144325128115485
6.56666666010000 -0.134701189933227
6.59999999340000 -0.124980167094230
6.63333332670000 -0.115172792125046
6.66666666000000 -0.105289840601823
6.69999999330000 -0.0953421200466624
6.73333332660000 -0.0853404588220443
6.76666665990000 -0.0752956950346635
6.79999999320000 -0.0652186654599548
6.83333332650000 -0.0551201944985680
6.86666665980000 -0.0450110831759871
6.89999999310000 -0.0349020981964248
6.93333332640000 -0.0248039610620478
6.96666665970000 -0.0147273372684994
6.99999999300000 -0.00468282558758372
7.03333332630000 0.00531905255212826
7.06666665960000 0.0152678635761377
7.09999999290000 0.0251532721557986
7.13333332620000 0.0349650514706795
7.16666665950000 0.0446930933312982
7.19999999280000 0.0543274181521853
7.23333332610000 0.0638581847654081
7.26666665940000 0.0732757000648626
7.29999999270000 0.0825704284718444
7.33333332600000 0.0917330012126024
7.36666665930000 0.100754225398797
7.39999999260000 0.109625092902004
7.43333332590000 0.118336789013627
7.46666665920000 0.126880700881842
7.49999999250000 0.135248425717406
7.53333332580000 0.143431778760459
7.56666665910000 0.151422801000671
7.59999999240000 0.159213766643396
7.63333332570000 0.166797190314722
7.66666665900000 0.174165833998637
7.69999999230000 0.181312713699795
7.73333332560000 0.188231105825665
7.76666665890000 0.194914553282149
7.79999999220000 0.201356871277072
7.83333332550000 0.207552152826246
7.86666665880000 0.213494773957136
7.89999999210000 0.219179398605472
7.93333332540000 0.224600983200497
7.96666665870000 0.229754780934836
7.99999999200000 0.234636345715344
8.03333332530000 0.239241535791602
8.06666665860000 0.243566517059075
8.09999999190000 0.247607766034309
8.13333332520000 0.251362072499852
8.16666665850000 0.254826541816964
8.19999999180000 0.257998596904514
8.23333332510000 0.260875979882810
8.26666665840000 0.263456753381467
8.29999999170000 0.265739301510753
8.33333332500000 0.267722330496225
8.36666665830000 0.269404868976789
8.39999999160000 0.270786267966701
8.43333332490000 0.271866200482326
8.46666665820000 0.272644660834886
8.49999999150000 0.273121963590692
8.53333332480000 0.273298742200768
8.56666665810000 0.273175947302073
8.59999999140000 0.272754844692878
8.63333332470000 0.272037012985179
8.66666665800000 0.271024340937380
8.69999999130000 0.269719024470775
8.73333332460000 0.268123563373695
8.76666665790000 0.266240757697517
8.79999999120000 0.264073703849009
8.83333332450000 0.261625790383826
8.86666665780000 0.258900693506261
8.89999999110000 0.255902372280632
8.93333332440000 0.252635063560014
8.96666665770000 0.249103276638272
8.99999999100000 0.245311787631640
9.03333332430000 0.241265633596373
9.06666665760000 0.236970106389236
9.09999999090000 0.232430746277864
9.13333332420000 0.227653335308279
9.16666665750000 0.222643890437062
9.19999999080000 0.217408656435944
9.23333332410000 0.211954098576771
9.26666665740000 0.206286895105030
9.29999999070000 0.200413929510310
9.33333332400000 0.194342282602286
9.36666665730000 0.188079224400993
9.39999999060000 0.181632205850307
9.43333332390000 0.175008850363771
9.46666665720000 0.168216945212006
9.49999999050000 0.161264432761118
9.53333332380000 0.154159401571652
9.56666665710000 0.146910077367767
9.59999999040000 0.139524813886406
9.63333332370000 0.132012083616361
9.66666665700000 0.124380468437221
9.69999999030000 0.116638650168268
9.73333332360000 0.108795401037471
9.76666665690000 0.100859574080776
9.79999999020000 0.0928400934819554
9.83333332350000 0.0847459448633219
9.86666665680000 0.0765861655376163
9.89999999010000 0.0683698347314390
9.93333332340000 0.0601060637905678
9.96666665670000 0.0518039863775190
