%0.00100000000000000 999.996238156086
0.0343333333000000 29.0577483497910
0.0676666666000000 14.6662888692645
0.100999999900000 9.75387181128440
0.134333333200000 7.26745470755151
0.167666666500000 5.76194175513166
0.200999999800000 4.75046552674203
0.234333333100000 4.02297716047093
0.267666666400000 3.47393581627014
0.300999999700000 3.04447058360471
0.334333333000000 2.69913224331680
0.367666666300000 2.41528658413422
0.400999999600000 2.17779511018602
0.434333332900000 1.97614351187850
0.467666666200000 1.80279712066533
0.500999999500000 1.65221218288004
0.534333332800000 1.52021674370430
0.567666666100000 1.40360932866517
0.600999999400000 1.29989093825541
0.634333332700000 1.20708136777791
0.667666666000000 1.12359041760962
0.700999999300000 1.04812574794807
0.734333332600000 0.979625752275416
0.767666665900000 0.917209858326434
0.800999999200000 0.860141189826037
0.834333332500000 0.807798139689721
0.867666665800000 0.759652464036839
0.900999999100000 0.715252212852640
0.934333332400000 0.674208293009352
0.967666665700000 0.636183790624217
1.00099999900000 0.600885411840391
1.03433333230000 0.568056565993293
1.06766666560000 0.537471733740860
1.10099999890000 0.508931849082423
1.13433333220000 0.482260487739905
1.16766666550000 0.457300701626825
1.20099999880000 0.433912374602542
1.23433333210000 0.411970001578194
1.26766666540000 0.391360813565479
1.30099999870000 0.371983187062835
1.33433333200000 0.353745288433144
1.36766666530000 0.336563913504862
1.40099999860000 0.320363490161432
1.43433333190000 0.305075217646156
1.46766666520000 0.290636321057264
1.50099999850000 0.276989403310046
1.53433333180000 0.264081879904287
1.56766666510000 0.251865484313154
1.60099999840000 0.240295833825161
1.63433333170000 0.229332047318005
1.66766666500000 0.218936407795251
1.70099999830000 0.209074063631737
1.73433333160000 0.199712763396586
1.76766666490000 0.190822619889920
1.80099999820000 0.182375899669502
1.83433333150000 0.174346834879585
1.86766666480000 0.166711454644743
1.90099999810000 0.159447433671310
1.93433333140000 0.152533956020387
1.96766666470000 0.145951592289104
2.00099999800000 0.139682188668888
2.03433333130000 0.133708766547713
2.06766666460000 0.128015431492863
2.10099999790000 0.122587290596432
2.13433333120000 0.117410377291056
2.16766666450000 0.112471582851552
2.20099999780000 0.107758593891667
2.23433333110000 0.103259835246256
2.26766666440000 0.0989644176996881
2.30099999770000 0.0948620900826946
2.33433333100000 0.0909431953134509
2.36766666430000 0.0871986300055778
2.40099999760000 0.0836198073068400
2.43433333090000 0.0801986226684149
2.46766666420000 0.0769274222763661
2.50099999750000 0.0737989739049631
2.53433333080000 0.0708064399762192
2.56766666410000 0.0679433526319098
2.60099999740000 0.0652035906437314
2.63433333070000 0.0625813580044841
2.66766666400000 0.0600711640584817
2.70099999730000 0.0576678050430331
2.73433333060000 0.0553663469250169
2.76766666390000 0.0531621094274416
2.80099999720000 0.0510506511506190
2.83433333050000 0.0490277557013002
2.86766666380000 0.0470894187509464
2.90099999710000 0.0452318359513430
2.93433333040000 0.0434513916420911
2.96766666370000 0.0417446482902130
3.00099999700000 0.0401083366072530
3.03433333030000 0.0385393462939000
3.06766666360000 0.0370347173663611
3.10099999690000 0.0355916320225209
3.13433333020000 0.0342074070093704
3.16766666350000 0.0328794864563202
3.20099999680000 0.0316054351418562
3.23433333010000 0.0303829321635871
3.26766666340000 0.0292097649840830
3.30099999670000 0.0280838238270592
3.33433333000000 0.0270030964004128
3.36766666330000 0.0259656629244137
3.40099999660000 0.0249696914449857
3.43433332990000 0.0240134334135139
3.46766666320000 0.0230952195159831
3.50099999650000 0.0222134557355131
3.53433332980000 0.0213666196335087
3.56766666310000 0.0205532568357056
3.60099999640000 0.0197719777103643
3.63433332970000 0.0190214542267656
3.66766666300000 0.0183004169829839
3.70099999630000 0.0176076523926777
3.73433332960000 0.0169420000213376
3.76766666290000 0.0163023500630833
3.80099999620000 0.0156876409496955
3.83433332950000 0.0150968570841265
3.86766666280000 0.0145290266912433
3.90099999610000 0.0139832197790322
3.93433332940000 0.0134585462039333
3.96766666270000 0.0129541538343803
4.00099999600000 0.0124692268070004
4.03433332930000 0.0120029838702787
4.06766666260000 0.0115546768108190
4.10099999590000 0.0111235889576349
4.13433332920000 0.0107090337601892
4.16766666250000 0.0103103534361590
4.20099999580000 0.00992691768515236
4.23433332910000 0.00955812246482787
4.26766666240000 0.00920338882608104
4.30099999570000 0.00886216180416155
4.33433332900000 0.00853390936276911
4.36766666230000 0.00821812138834913
4.40099999560000 0.00791430873197152
4.43433332890000 0.00762200229632662
4.46766666220000 0.00734075216551413
4.50099999550000 0.00707012677543335
4.53433332880000 0.00680971212270700
4.56766666210000 0.00655911101018730
4.60099999540000 0.00631794232720196
4.63433332870000 0.00608584036279995
4.66766666200000 0.00586245415035296
4.70099999530000 0.00564744684195870
4.73433332860000 0.00544049511117624
4.76766666190000 0.00524128858270415
4.80099999520000 0.00504952928768580
4.83433332850000 0.00486493114339754
4.86766666180000 0.00468721945614093
4.90099999510000 0.00451613044622285
4.93433332840000 0.00435141079396600
4.96766666170000 0.00419281720574729
5.00099999500000 0.00404011599911401
5.03433332830000 0.00389308270607665
5.06766666160000 0.00375150169372354
5.10099999490000 0.00361516580134628
5.13433332820000 0.00348387599330601
5.16766666150000 0.00335744102690980
5.20099999480000 0.00323567713460295
5.23433332810000 0.00311840771981794
5.26766666140000 0.00300546306585354
5.30099999470000 0.00289668005718872
5.33433332800000 0.00279190191266539
5.36766666130000 0.00269097793000168
5.40099999460000 0.00259376324112395
5.43433332790000 0.00250011857783061
5.46766666120000 0.00240991004732424
5.50099999450000 0.00232300891717118
5.53433332780000 0.00223929140926851
5.56766666110000 0.00215863850241890
5.60099999440000 0.00208093574313239
5.63433332770000 0.00200607306429257
5.66766666100000 0.00193394461134141
5.70099999430000 0.00186444857565366
5.73433332760000 0.00179748703478669
5.76766666090000 0.00173296579930668
5.80099999420000 0.00167079426590573
5.83433332750000 0.00161088527653772
5.86766666080000 0.00155315498331339
5.90099999410000 0.00149752271890698
5.93433332740000 0.00144391087223789
5.96766666070000 0.00139224476920210
6.00099999400000 0.00134245255823776
6.03433332730000 0.00129446510051952
6.06766666060000 0.00124821586458528
6.10099999390000 0.00120364082520787
6.13433332720000 0.00116067836633260
6.16766666050000 0.00111926918790954
6.20099999380000 0.00107935621645723
6.23433332710000 0.00104088451920140
6.26766666040000 0.00100380122163960
6.30099999370000 0.000968055428388874
6.33433332700000 0.000933598147180079
6.36766666030000 0.000900382215868446
6.40099999360000 0.000868362232335505
6.43433332690000 0.000837494487163131
6.46766666020000 0.000807736898965502
6.50099999350000 0.000779048952269799
6.53433332680000 0.000751391637841140
6.56766666010000 0.000724727395351748
6.60099999340000 0.000699020058298676
6.63433332670000 0.000674234801078466
6.66766666000000 0.000650338088131070
6.70099999330000 0.000627297625069074
6.73433332660000 0.000605082311711836
6.76766665990000 0.000583662196947572
6.80099999320000 0.000563008435349645
6.83433332650000 0.000543093245476462
6.86766665980000 0.000523889869787317
6.90099999310000 0.000505372536109382
6.93433332640000 0.000487516420593746
6.96766665970000 0.000470297612101012
7.00099999300000 0.000453693077959405
7.03433332630000 0.000437680631040775
7.06766665960000 0.000422238898102079
7.10099999290000 0.000407347289342145
7.13433332620000 0.000392985969125565
7.16766665950000 0.000379135827827563
7.20099999280000 0.000365778454755573
7.23433332610000 0.000352896112105088
7.26766665940000 0.000340471709909065
7.30099999270000 0.000328488781941850
7.33433332600000 0.000316931462540166
7.36766665930000 0.000305784464305239
7.40099999260000 0.000295033056651598
7.43433332590000 0.000284663045169471
7.46766665920000 0.000274660751769053
7.50099999250000 0.000265012995576190
7.53433332580000 0.000255707074550256
7.56766665910000 0.000246730747796182
7.60099999240000 0.000238072218543711
7.63433332570000 0.000229720117768039
7.66766665900000 0.000221663488427037
7.70099999230000 0.000213891770291235
7.73433332560000 0.000206394785343711
7.76766665890000 0.000199162723727919
7.80099999220000 0.000192186130222379
7.83433332550000 0.000185455891221991
7.86766665880000 0.000178963222206508
7.90099999210000 0.000172699655677527
7.93433332540000 0.000166657029546025
7.96766665870000 0.000160827475953245
8.00099999200000 0.000155203410508355
8.03433332530000 0.000149777521926993
8.06766665860000 0.000144542762055425
8.10099999190000 0.000139492336265631
8.13433332520000 0.000134619694207218
8.16766665850000 0.000129918520902615
8.20099999180000 0.000125382728172523
8.23433332510000 0.000121006446379107
8.26766665840000 0.000116784016474900
8.30099999170000 0.000112709982345861
8.33433332500000 0.000108779083437482
8.36766665830000 0.000104986247653248
8.40099999160000 0.000101326584515198
8.43433332490000 0.0000977953785767130
8.46766665820000 0.0000943880830780353
8.50099999150000 0.0000911003138354044
8.53433332480000 0.0000879278433550347
8.56766665810000 0.0000848665951635007
8.60099999140000 0.0000819126383464194
8.63433332470000 0.0000790621822876332
8.66766665800000 0.0000763115716013896
8.70099999130000 0.0000736572812503099
8.73433332460000 0.0000710959118422048
8.76766665790000 0.0000686241850990692
8.80099999120000 0.0000662389394918364
8.83433332450000 0.0000639371260347200
8.86766665780000 0.0000617158042332042
8.90099999110000 0.0000595721381799731
8.93433332440000 0.0000575033927932809
8.96766665770000 0.0000555069301924794
9.00099999100000 0.0000535802062056142
9.03433332430000 0.0000517207670041976
9.06766665760000 0.0000499262458604490
9.10099999090000 0.0000481943600224730
9.13433332420000 0.0000465229077030151
9.16766665750000 0.0000449097651776000
9.20099999080000 0.0000433528839880158
9.23433332410000 0.0000418502882472590
9.26766665740000 0.0000404000720422010
9.30099999070000 0.0000390003969303776
9.33433332400000 0.0000376494895274391
9.36766665730000 0.0000363456391819257
9.40099999060000 0.0000350871957341605
9.43433332390000 0.0000338725673561723
9.46766665720000 0.0000327002184696730
9.50099999050000 0.0000315686677392296
9.53433332380000 0.0000304764861378748
9.56766665710000 0.0000294222950825036
9.60099999040000 0.0000284047646365028
9.63433332370000 0.0000274226117771546
9.66766665700000 0.0000264745987254471
9.70099999030000 0.0000255595313360137
9.73433332360000 0.0000246762575450057
9.76766665690000 0.0000238236658737853
9.80099999020000 0.0000230006839864062
9.83433332350000 0.0000222062772989196
9.86766665680000 0.0000214394476386215
9.90099999010000 0.0000206992319514231
9.93433332340000 0.0000199847010555950
9.96766665670000 0.0000192949584401999
