%0.00100000000000000 -636.622167231139
0.0343333333000000 -18.5858945722175
0.0676666666000000 -9.47939840973450
0.100999999900000 -6.39652452506780
0.134333333200000 -4.85095392247011
0.167666666500000 -3.92452582182320
0.200999999800000 -3.30836530789041
0.234333333100000 -2.86946336526968
0.267666666400000 -2.54113813407823
0.300999999700000 -2.28629163937491
0.334333333000000 -2.08265225434755
0.367666666300000 -1.91604779640209
0.400999999600000 -1.77703534825464
0.434333332900000 -1.65908395466877
0.467666666200000 -1.55753511713904
0.500999999500000 -1.46897866354187
0.534333332800000 -1.39086249939921
0.567666666100000 -1.32124003840324
0.600999999400000 -1.25860181492442
0.634333332700000 -1.20176028303730
0.667666666000000 -1.14976919398077
0.700999999300000 -1.10186602775056
0.734333332600000 -1.05743014290002
0.767666665900000 -1.01595185928406
0.800999999200000 -0.977009283228429
0.834333332500000 -0.940250705525299
0.867666665800000 -0.905381070306770
0.900999999100000 -0.872151458001347
0.934333332400000 -0.840350827661955
0.967666665700000 -0.809799472285737
1.00099999900000 -0.780343786568662
1.03433333230000 -0.751852050013275
1.06766666560000 -0.724211002668709
1.10099999890000 -0.697323044851589
1.13433333220000 -0.671103931943662
1.16766666550000 -0.645480864880066
1.20099999880000 -0.620390899073612
1.23433333210000 -0.595779611262684
1.26766666540000 -0.571599976542299
1.30099999870000 -0.547811417658435
1.33433333200000 -0.524378996253147
1.36766666530000 -0.501272721682758
1.40099999860000 -0.478466957692018
1.43433333190000 -0.455939910910350
1.46766666520000 -0.433673188064494
1.50099999850000 -0.411651411143031
1.53433333180000 -0.389861881630298
1.56766666510000 -0.368294286447820
1.60099999840000 -0.346940439476142
1.63433333170000 -0.325794053537169
1.66766666500000 -0.304850538542504
1.70099999830000 -0.284106822192483
1.73433333160000 -0.263561190171856
1.76766666490000 -0.243213143253601
1.80099999820000 -0.223063269110067
1.83433333150000 -0.203113126954537
1.86766666480000 -0.183365143407982
1.90099999810000 -0.163822518214322
1.93433333140000 -0.144489138620403
1.96766666470000 -0.125369501400203
2.00099999800000 -0.106468641641447
2.03433333130000 -0.0877920675309148
2.06766666460000 -0.0693457004754885
2.10099999790000 -0.0511358199823482
2.13433333120000 -0.0331690127957566
2.16766666450000 -0.0154521258516138
2.20099999780000 0.00200777733409621
2.23433333110000 0.0192034571793541
2.26766666440000 0.0361275357479099
2.30099999770000 0.0527725319184173
2.33433333100000 0.0691308942394257
2.36766666430000 0.0851950316717319
2.40099999760000 0.100957342395988
2.43433333090000 0.116410240842847
2.46766666420000 0.131546183084845
2.50099999750000 0.146357690713419
2.53433333080000 0.160837373310501
2.56766666410000 0.174977949611957
2.60099999740000 0.188772267449330
2.63433333070000 0.202213322546870
2.66766666400000 0.215294276242490
2.70099999730000 0.228008472193856
2.73433333060000 0.240349452124315
2.76766666390000 0.252310970657586
2.80099999720000 0.263887009285018
2.83433333050000 0.275071789504726
2.86766666380000 0.285859785167872
2.90099999710000 0.296245734063859
2.93433333040000 0.306224648773045
2.96766666370000 0.315791826812812
3.00099999700000 0.324942860100385
3.03433333030000 0.333673643753612
3.06766666360000 0.341980384249022
3.10099999690000 0.349859606954766
3.13433333020000 0.357308163054601
3.16766666350000 0.364323235877731
3.20099999680000 0.370902346648218
3.23433333010000 0.377043359666650
3.26766666340000 0.382744486935911
3.30099999670000 0.388004292242144
3.33433333000000 0.392821694701329
3.36766666330000 0.397195971781400
3.40099999660000 0.401126761809298
3.43433332990000 0.404614065972016
3.46766666320000 0.407658249820344
3.50099999650000 0.410260044283757
3.53433332980000 0.412420546204699
3.56766666310000 0.414141218400351
3.60099999640000 0.415423889259841
3.63433332970000 0.416270751884803
3.66766666300000 0.416684362781135
3.70099999630000 0.416667640109800
3.73433332960000 0.416223861504537
3.76766666290000 0.415356661464388
3.80099999620000 0.414070028329006
3.83433332950000 0.412368300844808
3.86766666280000 0.410256164330121
3.90099999610000 0.407738646447588
3.93433332940000 0.404821112592237
3.96766666270000 0.401509260903741
4.00099999600000 0.397809116911541
4.03433332930000 0.393727027821684
4.06766666260000 0.389269656454335
4.10099999590000 0.384443974841151
4.13433332920000 0.379257257491809
4.16766666250000 0.373717074339190
4.20099999580000 0.367831283372871
4.23433332910000 0.361608022970753
4.26766666240000 0.355055703938811
4.30099999570000 0.348183001269131
4.33433332900000 0.340998845626558
4.36766666230000 0.333512414574422
4.40099999560000 0.325733123549994
4.43433332890000 0.317670616600448
4.46766666220000 0.309334756890264
4.50099999550000 0.300735616991141
4.53433332880000 0.291883468965622
4.56766666210000 0.282788774255762
4.60099999540000 0.273462173388282
4.63433332870000 0.263914475507762
4.66766666200000 0.254156647749542
4.70099999530000 0.244199804464067
4.73433332860000 0.234055196304527
4.76766666190000 0.223734199189690
4.80099999520000 0.213248303153914
4.83433332850000 0.202609101096368
4.86766666180000 0.191828277441539
4.90099999510000 0.180917596723143
4.93433332840000 0.169888892103579
4.96766666170000 0.158754053841086
5.00099999500000 0.147525017716763
5.03433332830000 0.136213753433599
5.06766666160000 0.124832252999668
5.10099999490000 0.113392519107586
5.13433332820000 0.101906553522309
5.16766666150000 0.0903863454892985
5.20099999480000 0.0788438601750086
5.23433332810000 0.0672910271515964
5.26766666140000 0.0557397289376617
5.30099999470000 0.0442017896067324
5.33433332800000 0.0326889634751106
5.36766666130000 0.0212129238805758
5.40099999460000 0.00978525206332249
5.43433332790000 -0.00158257383963830
5.46766666120000 -0.0128791896755143
5.50099999450000 -0.0240933560212764
5.53433332780000 -0.0352139687829443
5.56766666110000 -0.0462300696380229
5.60099999440000 -0.0571308563106912
5.63433332770000 -0.0679056926695335
5.66766666100000 -0.0785441186378232
5.70099999430000 -0.0890358599065677
5.73433332760000 -0.0993708374407671
5.76766666090000 -0.109539176769559
5.80099999420000 -0.119531217051171
5.83433332750000 -0.129337519903858
5.86766666080000 -0.138948877994253
5.90099999410000 -0.148356323374827
5.93433332740000 -0.157551135562452
5.96766666070000 -0.166524849350307
6.00099999400000 -0.175269262345681
6.03433332730000 -0.183776442226538
6.06766666060000 -0.192038733709968
6.10099999390000 -0.200048765226006
6.13433332720000 -0.207799455290590
6.16766666050000 -0.215284018571751
6.20099999380000 -0.222495971643478
6.23433332710000 -0.229429138421995
6.26766666040000 -0.236077655279569
6.30099999370000 -0.242435975831269
6.33433332700000 -0.248498875390462
6.36766666030000 -0.254261455089188
6.40099999360000 -0.259719145659878
6.43433332690000 -0.264867710875270
6.46766666020000 -0.269703250643714
6.50099999350000 -0.274222203757414
6.53433332680000 -0.278421350291537
6.56766666010000 -0.282297813652453
6.60099999340000 -0.285849062273773
6.63433332670000 -0.289072910959166
6.66766666000000 -0.291967521871353
6.70099999330000 -0.294531405167004
6.73433332660000 -0.296763419277649
6.76766665990000 -0.298662770837058
6.80099999320000 -0.300229014255943
6.83433332650000 -0.301462050945152
6.86766665980000 -0.302362128188917
6.90099999310000 -0.302929837670058
6.93433332640000 -0.303166113649421
6.96766665970000 -0.303072230802140
7.00099999300000 -0.302649801713703
7.03433332630000 -0.301900774039131
7.06766665960000 -0.300827427328897
7.10099999290000 -0.299432369525594
7.13433332620000 -0.297718533135651
7.16766665950000 -0.295689171080740
7.20099999280000 -0.293347852233841
7.23433332610000 -0.290698456645239
7.26766665940000 -0.287745170464043
7.30099999270000 -0.284492480561111
7.33433332600000 -0.280945168859573
7.36766665930000 -0.277108306379425
7.40099999260000 -0.272987247002952
7.43433332590000 -0.268587620968012
7.46766665920000 -0.263915328096481
7.50099999250000 -0.258976530765418
7.53433332580000 -0.253777646628756
7.56766665910000 -0.248325341097578
7.60099999240000 -0.242626519587252
7.63433332570000 -0.236688319539940
7.66766665900000 -0.230518102231207
7.70099999230000 -0.224123444369658
7.73433332560000 -0.217512129498728
7.76766665890000 -0.210692139209933
7.80099999220000 -0.203671644177088
7.83433332550000 -0.196458995021129
7.86766665880000 -0.189062713015352
7.90099999210000 -0.181491480641044
7.93433332540000 -0.173754132003573
7.96766665870000 -0.165859643119169
8.00099999200000 -0.157817122082721
8.03433332530000 -0.149635799127024
8.06766665860000 -0.141325016583986
8.10099999190000 -0.132894218758426
8.13433332520000 -0.124352941725103
8.16766665850000 -0.115710803059737
8.20099999180000 -0.106977491514774
8.23433332510000 -0.0981627566507305
8.26766665840000 -0.0892763984339369
8.30099999170000 -0.0803282568115437
8.33433332500000 -0.0713282012746321
8.36766665830000 -0.0622861204202782
8.40099999160000 -0.0532119115233902
8.43433332490000 -0.0441154701291067
8.46766665820000 -0.0350066796765004
8.50099999150000 -0.0258954011642848
8.53433332480000 -0.0167914628691438
8.56766665810000 -0.00770465012723525
8.60099999140000 0.00135530481066659
8.63433332470000 0.0103787328400291
8.66766665800000 0.0193560379691609
8.70099999130000 0.0282777071814187
8.73433332460000 0.0371343201830119
8.76766665790000 0.0459165590265401
8.80099999120000 0.0546152176005425
8.83433332450000 0.0632212109755032
8.86766665780000 0.0717255845969218
8.90099999110000 0.0801195233162403
8.93433332440000 0.0883943602505989
8.96766665770000 0.0965415854626050
9.00099999100000 0.104552854451484
9.03433332430000 0.112419996447218
9.06766665760000 0.120135022499476
9.10099999090000 0.127690133353405
9.13433332420000 0.135077727104548
9.16766665750000 0.142290406625440
9.20099999080000 0.149320986756660
9.23433332410000 0.156162501255390
9.26766665740000 0.162808209494809
9.30099999070000 0.169251602907893
9.33433332400000 0.175486411169512
9.36766665730000 0.181506608110972
9.40099999060000 0.187306417361452
9.43433332390000 0.192880317711089
9.46766665720000 0.198223048190758
9.50099999050000 0.203329612863899
9.53433332380000 0.208195285326066
9.56766665710000 0.212815612908173
9.60099999040000 0.217186420579749
9.63433332370000 0.221303814548809
9.66766665700000 0.225164185555305
9.70099999030000 0.228764211855426
9.73433332360000 0.232100861894351
9.76766665690000 0.235171396665397
9.80099999020000 0.237973371753825
9.83433332350000 0.240504639063918
9.86766665680000 0.242763348228269
9.90099999010000 0.244747947698547
9.93433332340000 0.246457185517364
9.96766665670000 0.247890109771184
